00|Date: Tue, 13 Oct 2020 09:00:00 +0000 (GMT)
01|From: elderberry <elderberry@flatcap.org>
02|To: rich@flatcap.org
03|Subject: elderberry elderberry ELDERBERRY
04|

05|77 161 119 155 184 197 98 70 141 1 190 57 124 105 67 198 150 186 38 59
06|145 131 191 39 12 125 102 196 18 195 13 17 127 28 6 63 189 73 180 107

07|162 41 169 104 194 159 {[1;33m}153 61 112{[0m} 193 52 109 16 74 157 44 66 175 27 200
  |0         1         2  |        |     3    |     |   4         5         6         7         8
  |012345678901234567890123        456789012345     678901234567890123456789012345678901234567890

08|15 51 113 163 116 60 48 24 133 130 92 85 83 34 22 78 62 147 170 166 185
09|126 100 46 33 103 45 114 81 88 135 129 142 35 36 32 128 168 56 95 177

10|183 11 123 42 47 101 {[0;0;0;0;0;0m}50 154 2 187 140 173 91 69 118 49 121 54 72 139 115
  |0         1         2|               |       3         4         5         6      |  7   |     8
  |0123456789012345678901               23456789012345678901234567890123456789012345678901234567890

11|5
  |0         1         2         3         4         5         6         7         8
  |012345678901234567890123456789012345678901234567890123456789012345678901234567890

12|97 134 136 4 76 9 93 199 94 87 31 106 151 10 7 122 29 174 120 143 82 23
13|146 132 89 90 138 43 181 80 40 8 160 171 53 19 152 165 158 20 86 58 148
14|110 68 117 111 188 137 14 26 172 167 178 182 99 84 79 25 30 3 149 156
15|176 179 65 55 37 5 192 96 108 21 164 64 144 71 75

